metric,deterministic_pass_binary,bertscore_full_f1,bertscore_no_final_f1,candidate_reference_length_ratio,candidate_no_final_text_length_chars,reference_text_length_chars
deterministic_pass_binary,0.9999999999999999,0.050780485867562855,0.10868572927219254,-0.023856310403062644,-0.046001302185070474,-0.07489790149977477
bertscore_full_f1,0.050780485867562855,1.0,0.9624995095086721,-0.7561984071680298,-0.7752303465685214,-0.020416762473685342
bertscore_no_final_f1,0.10868572927219254,0.9624995095086721,1.0,-0.6916898006334651,-0.7545396223274237,-0.21245922973806197
candidate_reference_length_ratio,-0.023856310403062644,-0.7561984071680298,-0.6916898006334651,1.0,0.9184128963370358,-0.21046398207689623
candidate_no_final_text_length_chars,-0.046001302185070474,-0.7752303465685214,-0.7545396223274237,0.9184128963370358,0.9999999999999998,0.13114341760577877
reference_text_length_chars,-0.07489790149977477,-0.020416762473685342,-0.21245922973806197,-0.21046398207689623,0.13114341760577877,1.0
