metric,deterministic_pass_binary,bertscore_reasoning_only_v2_f1,bertscore_no_final_v1_f1,bertscore_full_f1,rouge_l_f1,chrf_score,candidate_reference_length_ratio,candidate_reasoning_text_length_chars,reference_reasoning_text_length_chars
deterministic_pass_binary,0.9999999999999999,0.0991991117528353,0.10868572927219254,0.050780485867562855,0.1037592119410813,0.17289052328927268,-0.023856310403062644,-0.042799482345142935,-0.07489790149977477
bertscore_reasoning_only_v2_f1,0.0991991117528353,1.0,0.9986740064099544,0.9727635120906907,0.9754097010004935,0.9064734857941613,-0.7078499092566665,-0.760887292738903,-0.18011258349600873
bertscore_no_final_v1_f1,0.10868572927219254,0.9986740064099544,1.0,0.9624995095086721,0.977967777466639,0.9192489801091268,-0.6916898006334651,-0.7510347980159404,-0.21245922973806197
bertscore_full_f1,0.050780485867562855,0.9727635120906907,0.9624995095086721,1.0,0.9359667596424396,0.8250216940072269,-0.7561984071680298,-0.7725006148292963,-0.020416762473685342
rouge_l_f1,0.1037592119410813,0.9754097010004935,0.977967777466639,0.9359667596424396,1.0,0.9487822838568156,-0.7118739390493264,-0.7904151388663914,-0.2656366220689165
chrf_score,0.17289052328927268,0.9064734857941613,0.9192489801091268,0.8250216940072269,0.9487822838568156,1.0,-0.5714775549942789,-0.6843491959204907,-0.4451982539904716
candidate_reference_length_ratio,-0.023856310403062644,-0.7078499092566665,-0.6916898006334651,-0.7561984071680298,-0.7118739390493264,-0.5714775549942789,1.0,0.919400118525778,-0.21046398207689623
candidate_reasoning_text_length_chars,-0.042799482345142935,-0.760887292738903,-0.7510347980159404,-0.7725006148292963,-0.7904151388663914,-0.6843491959204907,0.919400118525778,1.0,0.1300871302672614
reference_reasoning_text_length_chars,-0.07489790149977477,-0.18011258349600873,-0.21245922973806197,-0.020416762473685342,-0.2656366220689165,-0.4451982539904716,-0.21046398207689623,0.1300871302672614,1.0
