metric,deterministic_pass_binary,rouge_l_f1,rouge_l_precision,rouge_l_recall,bertscore_full_f1,bertscore_no_final_f1,candidate_reference_length_ratio,candidate_token_count,reference_token_count
deterministic_pass_binary,0.9999999999999999,0.1037592119410813,0.05595138378749881,0.16328602236144088,0.050780485867562855,0.10868572927219254,-0.023856310403062644,-0.08450981805174324,-0.15197683561689768
rouge_l_f1,0.1037592119410813,1.0,0.9430860838895643,0.7463301598149992,0.9359667596424396,0.977967777466639,-0.7118739390493264,-0.8075089563613173,-0.2708769519508618
rouge_l_precision,0.05595138378749881,0.9430860838895643,0.9999999999999999,0.5131751768670865,0.967419338333712,0.9492972127120026,-0.7768273576269494,-0.8138400230744849,-0.02415486873250818
rouge_l_recall,0.16328602236144088,0.7463301598149992,0.5131751768670865,0.9999999999999999,0.5342744010107932,0.6723361397118073,-0.2065203020526113,-0.41425092516390116,-0.6808687404573982
bertscore_full_f1,0.050780485867562855,0.9359667596424396,0.967419338333712,0.5342744010107932,1.0,0.9624995095086721,-0.7561984071680298,-0.8012659194809767,-0.02539761185165922
bertscore_no_final_f1,0.10868572927219254,0.977967777466639,0.9492972127120026,0.6723361397118073,0.9624995095086721,1.0,-0.6916898006334651,-0.7809986317611447,-0.22243757222295774
candidate_reference_length_ratio,-0.023856310403062644,-0.7118739390493264,-0.7768273576269494,-0.2065203020526113,-0.7561984071680298,-0.6916898006334651,1.0,0.8998924473334052,-0.19190581594267267
candidate_token_count,-0.08450981805174324,-0.8075089563613173,-0.8138400230744849,-0.41425092516390116,-0.8012659194809767,-0.7809986317611447,0.8998924473334052,1.0,0.15986210564803588
reference_token_count,-0.15197683561689768,-0.2708769519508618,-0.02415486873250818,-0.6808687404573982,-0.02539761185165922,-0.22243757222295774,-0.19190581594267267,0.15986210564803588,0.9999999999999998
